.Random.seed <-
c(403L, 10L, 1203011370L, -1303217003L, 1867086639L, 2031716918L, 
-1322004896L, -919466845L, -820918335L, -725371984L, 63575758L, 
1594901561L, -1544881589L, -1660923910L, -634975492L, -497017025L, 
-1828204523L, -598359252L, 1761249282L, -1412762915L, -1115915817L, 
1863038142L, -1772990728L, -939254565L, -1922293959L, -1093764472L, 
277388854L, 1073786481L, 680930467L, 2079450610L, 819307844L, 
842073607L, -31611939L, 1222233300L, 864285690L, 1172464453L, 
-506341473L, 1325784358L, 1430955440L, -550764973L, -1313744527L, 
-1956327264L, 1702199358L, -447281335L, 1612787195L, -719957558L, 
-41656532L, -809402577L, -1176072731L, -1226149732L, -884960014L, 
-1231073939L, 1085594279L, 1119007950L, -265233880L, -1468470741L, 
-423198647L, 601276760L, -528107514L, -2122249759L, -11095181L, 
-1574492190L, 1305718612L, -1561468329L, -263220659L, 582882788L, 
-872910902L, -1039625675L, 2102499471L, -166385258L, -689384128L, 
-556406781L, -1319790047L, -138412784L, -2074070290L, -997970279L, 
-1021669589L, 992004634L, -1033103140L, 2018399455L, -297717067L, 
-1773648820L, -716179294L, -10266627L, -1253382921L, -736775650L, 
-78918440L, -75730885L, -2115094055L, 884457320L, 1428468374L, 
-1296229359L, 1672867267L, 588976594L, 1018550372L, 1172649895L, 
1257724157L, -226988812L, 108563418L, 1373200165L, -1083988417L, 
-501797434L, -1312388528L, -1070758285L, 133237393L, 1581535936L, 
1481290910L, 1675081833L, 201544859L, 35196330L, -649699892L, 
-948252529L, 1144672453L, 2027798652L, 2026069202L, 1419392077L, 
678298887L, 1721313518L, -1403164216L, 1411608267L, -728015063L, 
1519839096L, 2063056038L, -202821951L, -372930733L, -1072012286L, 
-1986322124L, 2069867191L, -266037587L, 1818048452L, -2136031254L, 
-1989812139L, -866247185L, 516752886L, 1196811040L, -961004317L, 
-1318438527L, -1781682192L, 511299214L, -1048325639L, -1184375925L, 
-345262150L, 1394071228L, 1501089279L, -251051L, -1489453972L, 
1171273922L, -1115362531L, 401662359L, 852736254L, 45198008L, 
-113486693L, 1402786553L, 410555464L, -1612138634L, 94958257L, 
-1916763421L, -322870862L, 2929156L, -100333241L, -395701219L, 
-1256363372L, 58556986L, 1925254277L, -900198049L, 1937342950L, 
-138891152L, 1946776467L, 1119867953L, -1983104288L, 554285950L, 
568341001L, 770595387L, 148603914L, 1363000300L, 224759919L, 
-899321947L, 2093070172L, 1300618034L, -407813587L, -209137433L, 
721494542L, -1133395992L, 1470554603L, -27995511L, -1981339112L, 
372605254L, 1702948769L, -2065964493L, 524509090L, -995583340L, 
181055767L, -1210249459L, -1790081500L, 770272778L, -1551517835L, 
127673039L, -1855031850L, -476243584L, 28201411L, -1115838623L, 
1164983760L, -1157509842L, 666950873L, -653584661L, 808604506L, 
843875612L, 970576927L, -349038475L, -251976436L, 484100322L, 
-302497347L, -798931401L, -531768098L, 153626648L, -299550853L, 
1455200025L, 1784613800L, 1746180950L, -1719163951L, -1603795069L, 
180834834L, -1978931804L, 3637607L, 145510077L, -320793036L, 
1434791322L, 2124487141L, -898734721L, 571159996L, 1356108884L, 
752740290L, -419985376L, -2119620420L, 547010128L, -1781977118L, 
643147880L, 605012044L, -36989700L, -1479198734L, 910941440L, 
-1870350988L, 1846208520L, -1236978758L, 445793744L, 472592364L, 
1805307284L, -407873070L, -988159648L, -109462708L, 644696352L, 
-1169700990L, 656393960L, 1354559724L, -612382660L, 1324937074L, 
-930333072L, 286104612L, -447322312L, -250719078L, -603725104L, 
286664892L, -1249642860L, -2064433534L, -1109047104L, 1296670524L, 
1496952976L, -1273973214L, 1982610440L, 231087372L, 677239964L, 
1883804178L, 1330144128L, -1359350252L, 817468968L, -276366022L, 
775321040L, -1318981524L, 216032564L, 1388225170L, -385091744L, 
-1518407860L, 1288343520L, -1505383518L, -2064749656L, -124954228L, 
1284711612L, -1350241934L, 1553363184L, 1705123908L, 228986200L, 
-806469062L, -2028576912L, -1206801348L, 773540628L, 671471042L, 
1185306336L, -764234884L, 718123728L, -1389423454L, 995395624L, 
-633763572L, 1170961340L, -978107086L, -1652858432L, -895651276L, 
-135362616L, -1141857094L, 1990334864L, -661945876L, 531103316L, 
-1971647342L, 1093942048L, -174161460L, 1622703584L, -1585500478L, 
-456536024L, 672079532L, 876900540L, 451163634L, -593085136L, 
674194596L, -2066521416L, 188619098L, 56021392L, 614436732L, 
-97466092L, -1420333246L, 518139648L, -242555972L, 291044176L, 
2042711842L, -1029175992L, 1731102220L, -159326116L, 1015593170L, 
-1136306688L, -1557309100L, 636749288L, 666371066L, -1056920368L, 
992327980L, -1308584204L, 1293972882L, -208854944L, -856664820L, 
-21478688L, -38091422L, -1130952024L, 733966924L, 1918373244L, 
-1514405582L, 1989565552L, -1725635772L, -1970701864L, -655172486L, 
-1788322256L, -1911086404L, 1151011668L, -342998974L, -1819510368L, 
206612156L, 1122837968L, -555438750L, 727375848L, 1174851532L, 
177027836L, -453247502L, 940897408L, 2118230260L, -1460264312L, 
-1713208518L, 1136234320L, 56922732L, 311023764L, 446493010L, 
-1493997856L, 1198763724L, 457150624L, 1100769154L, -399264024L, 
-739967252L, -745701316L, -250229134L, 764116080L, 1029706276L, 
965763128L, -2038499302L, 1322354384L, 804260924L, -1067535212L, 
-1771366270L, -1672663104L, -1391965892L, -1196573040L, 1507764258L, 
213178376L, 1834982540L, -1876966372L, 1317544594L, -737476480L, 
203555860L, -1152814808L, -474482118L, -1592728368L, 1541151852L, 
47947444L, -1256318958L, -2048798752L, -1836180532L, -1935796768L, 
-961627614L, 1349444904L, 756522252L, -1904069060L, -970274574L, 
-1018698000L, -200945852L, -1908717992L, -2029245894L, 1473294064L, 
711440572L, 1584540180L, 1156902082L, 320236640L, -1197040260L, 
-2118080304L, -284599262L, -271968600L, -1466668148L, -1876507204L, 
-2072120270L, -1381281984L, 159278260L, -1106419896L, -1948777798L, 
810643216L, 366540012L, 991181908L, -1245978862L, 1002303392L, 
1249522636L, 416516960L, 2003182786L, -1740071384L, 1780669868L, 
1317313340L, -1120852110L, -197951696L, -45742556L, -1202480072L, 
1056618714L, 291777936L, 1433164540L, -356293740L, -15478974L, 
-629084486L, 2118417656L, -78488927L, -1386046893L, 1919092084L, 
477350658L, 325655447L, 185388385L, -1027134042L, -1825550428L, 
2079824469L, 368765695L, 1162661784L, 1691410614L, 1686447427L, 
483509381L, -136872670L, 1950328336L, 1472734649L, -210471317L, 
1560906076L, 1016692874L, 1856137343L, 931588553L, -2004604322L, 
-924483316L, -2038147875L, -511811097L, -846390768L, -358672594L, 
1729313755L, -1937867587L, -66126294L, -652291384L, 82921457L, 
-563574429L, -121800348L, 902044818L, 2046349671L, 213238577L, 
-1437669258L, 1035694484L, -2067147355L, 2134609583L, 1795037032L, 
1857338182L, 1606925043L, 1726739541L, 839923762L, 1510340096L, 
-634218775L, -277551781L, 1168099244L, 432221114L, 86390127L, 
-472695047L, 2135328654L, 829268572L, 772219085L, 1081675831L, 
-926217536L, 217894302L, 1692049003L, -10291731L, 1839891546L, 
223834904L, -337635199L, 1535991347L, 1489093716L, 884179042L, 
846464759L, 160446785L, 383541190L, 1184113924L, 2110536885L, 
-167421025L, 620712952L, -316068394L, 1566364771L, 571899941L, 
463566786L, 777612464L, 1514571993L, 116334155L, 2086163644L, 
1989716714L, 1110846239L, -1793571927L, -304741058L, 1352854572L, 
-1664996739L, -1707096889L, -439197264L, -65401906L, -1892886277L, 
339222365L, -1902232438L, -323294552L, 1182070289L, 2145044227L, 
249471492L, 860875314L, -1451943289L, -1949466927L, -687503274L, 
-162449356L, -1913676987L, -1554429553L, 210460936L, 1254193958L, 
-89803821L, -1747688139L, -2103032686L, -572720032L, -78243383L, 
-1514082053L, 1970933452L, -413260966L, 1990116943L, -92871911L, 
-675226322L, 1592166204L, 929907885L, 1923643223L, 957143712L, 
-1513614338L, 303137483L, -938453811L, 733165562L, 1155132472L, 
1882799585L, -1391516013L, -1889286988L, 1553558978L, 355778007L, 
1397916193L, -1238289946L, 1193740516L, 975050773L, 59598911L, 
-989976616L, -1217099274L, 154962435L, 1106484549L, -1338201758L, 
400736976L, -1563869703L, -716147413L, -350734692L, 691655882L, 
